1 183
-14.9287 5.04666 -9.5515 -0.47843 0.0404428 0.874076 0.0738878
0 0 0 1 0 0 0
-0.308017 -1.90047 -1.32621 1 4.63207e-05 0.00080967 0.000376407
-0.856066 -1.06047 -1.10485 -0.524932 0.219788 0.819549 0.0668599
-1.04243 3.85953 -0.963351 -0.467682 0.589541 0.634031 -0.178076
0.0063945 -1.78047 -1.49438 -0.536164 0.31868 0.781377 0.0203146
-0.530096 1.63953 -0.815926 -0.514119 0.103742 0.851066 0.0244259
-0.45967 -0.580466 -1.63937 -0.51122 0.267049 0.816394 0.0288513
-0.551813 1.09953 -1.32855 -0.469761 0.524728 0.681094 -0.200213
0.200532 0.499534 -1.54654 -0.508474 0.218747 0.831848 0.0402888
-0.306295 -1.12047 -1.19537 -0.223768 0.858087 0.0782696 -0.455499
0.121706 -0.340466 -0.974173 -0.504675 0.14441 0.848894 0.0618029
-0.159987 2.95953 -0.781403 -0.423711 0.609842 0.608029 -0.280808
0.0580552 -1.18047 -1.31301 -0.520811 0.247138 0.814666 0.0631576
0.0824015 0.859534 -0.925471 -0.505413 0.13016 0.852827 -0.0171489
-0.641744 -0.940466 -1.8752 -0.524836 0.283785 0.802387 0.0134009
-0.323349 0.319534 -0.692148 -0.404929 0.755078 0.388103 -0.339496
0.163359 0.0195338 -1.5467 -0.516888 0.251759 0.817416 0.0355864
-1.077 0.439534 -1.15914 -0.479908 0.399411 0.761153 -0.175489
-0.39563 -0.100466 -1.19585 -0.517373 0.264719 0.813229 0.0299609
0.19582 1.33953 -1.34679 -0.526144 0.31197 0.791052 0.00855164
0.0510578 0.259534 -1.95874 -0.504987 0.253959 0.82468 0.0197069
0.0595818 0.0795338 -0.815441 -0.500942 0.277063 0.816152 -0.0786123
-0.210464 -1.06047 -1.68004 -0.51055 0.143479 0.845152 0.0668004
-0.0998462 -0.460466 -1.20173 -0.259642 0.760283 0.438651 -0.402657
0.230205 -0.340466 -1.70753 -0.506906 0.12829 0.842357 0.130432
-0.538726 -0.700466 -0.888937 -0.2983 0.77104 0.357255 -0.434598
-0.147633 -0.820466 -0.677753 -0.527314 0.257255 0.808785 0.0402131
-0.0768553 -0.760466 -1.47443 -0.375154 0.760563 0.399954 -0.347609
-0.629207 -0.580466 -1.85169 -0.533721 0.286827 0.794633 0.0377134
-0.255278 0.679534 -1.50244 -0.48644 0.48937 0.709632 -0.1425
-0.545228 -1.42047 -0.935181 -0.52529 0.282863 0.802147 0.0247767
-0.0212654 3.91953 -1.29408 -0.382515 0.660455 0.550562 -0.338164
-0.373449 -0.700466 -1.52092 -0.529355 0.264311 0.806164 0.00373745
0.136957 2.11953 -1.85658 -0.281658 0.790112 0.334291 -0.42969
-0.199283 -0.580466 -1.60311 -0.502449 0.179702 0.840627 0.0926871
-0.375159 3.55953 -1.13972 -0.245646 0.839883 0.172184 -0.452327
0.117706 -1.54047 -1.3546 -0.509349 0.204094 0.831547 0.0861877
-0.656005 0.139534 -0.930988 -0.33328 0.767618 0.402897 -0.370609
-0.392641 -0.220466 -1.88815 -0.512026 0.247612 0.822064 0.0268146
-0.659249 -0.220466 -1.77273 -0.243915 0.849465 0.14864 -0.443635
-0.370214 0.619534 -1.36144 -0.507921 0.337562 0.790358 -0.0582497
-0.497427 -0.0404662 -0.817119 -0.037727 0.797018 -0.302212 -0.521533
-0.687764 -0.220466 -1.04995 -0.50601 0.100081 0.847103 0.127843
-0.674585 -1.72047 -1.23746 -0.388591 0.638762 0.567874 -0.344223
0.0340187 -1.18047 -1.69387 -0.517761 0.311671 0.796607 0.0138786
-0.802298 2.83953 -1.99485 -0.310585 0.672683 0.543074 -0.395087
-0.126633 0.139534 -0.492833 -0.513328 0.384079 0.766013 -0.046832
-0.182769 4.09953 -0.566083 -0.330307 0.816625 0.259149 -0.396049
-0.331096 -1.54047 -1.05122 -0.492561 0.152804 0.852532 0.0849414
-1.14508 4.57953 -1.60257 -0.206454 0.845757 0.173372 -0.460439
-0.573502 0.499534 -0.981356 -0.506586 0.177206 0.841392 0.0634001
-0.00120934 3.25953 -1.33211 0.066047 0.831176 -0.209781 -0.510653
0.207316 0.139534 -1.49491 -0.525094 0.334843 0.782348 0.00883238
-0.11274 -0.580466 -1.2333 -0.424864 0.577415 0.648386 -0.25626
-0.216408 -1.78047 -1.40912 -0.517793 0.264165 0.811779 0.0557889
-0.790114 2.59953 -1.49315 -0.484344 0.426452 0.742052 -0.181377
-0.424386 0.499534 -1.58771 -0.517151 0.264224 0.814077 -0.00285942
-0.495363 1.45953 -1.93259 -0.396427 0.748933 0.426601 -0.316146
-0.47718 -1.78047 -1.72948 -0.525861 0.222431 0.816089 0.0893477
-0.398324 2.11953 -1.28595 -0.310081 0.838853 0.175853 -0.411391
-0.661023 -1.42047 -1.06239 -0.523906 0.300953 0.796234 0.0308605
0.0355972 2.29953 -0.885211 -0.425252 0.467281 0.728023 -0.266043
-0.520206 -1.90047 -1.58195 -0.511623 0.157123 0.833986 0.134211
-0.477839 1.03953 -0.848161 -0.509026 0.302324 0.802459 -0.0744621
-0.189712 -0.100466 -1.26087 -0.511345 0.234859 0.823723 0.0695673
-0.533579 -1.42047 -1.23533 -0.422888 0.572582 0.647807 -0.271389
0.170802 -0.340466 -1.10178 -0.526668 0.270181 0.803893 0.0580474
0.123755 -1.42047 -0.742345 -0.45033 0.554965 0.647585 -0.264276
-0.0288759 -1.66047 -0.9232 -0.501297 0.215538 0.837266 0.0349277
-0.161768 -0.820466 -1.04225 -0.369708 0.777138 0.367819 -0.352239
0.159874 -1.06047 -1.16343 -0.50835 0.286489 0.811968 0.0142705
0.136466 1.99953 -1.14051 -0.465243 0.521805 0.678498 -0.225608
-0.729598 -0.340466 -1.2768 -0.520607 0.286676 0.802825 0.047429
-0.829142 0.799534 -2.00426 -0.23078 0.813761 0.279541 -0.454292
-0.0207238 -1.78047 -1.71237 -0.5168 0.331738 0.789096 0.0136815
-1.03957 2.77953 -1.77761 -0.228662 0.7997 0.315119 -0.457037
-0.326938 -1.78047 -1.08965 -0.519171 0.198166 0.829766 0.0516698
-0.721426 1.81953 -1.13925 -0.450299 0.698835 0.488821 -0.264397
-0.475192 -1.78047 -1.11361 -0.523119 0.267527 0.808191 0.0399214
0.349985 0.559534 -1.04087 -0.325532 0.746114 0.446908 -0.37095
-0.6253 0.499534 -1.78066 -0.519818 0.310265 0.795144 0.0355421
-0.465023 -1.72047 -1.44379 -0.108932 0.844762 -0.0941948 -0.515392
0.038986 -1.18047 -1.32849 -0.529528 0.261913 0.805697 0.0429532
-0.391429 2.11953 -0.636851 -0.481729 0.301364 0.813254 -0.125406
0.0440798 -0.580466 -1.23772 -0.523627 0.193587 0.826822 0.0685178
0.420537 1.57953 -1.08719 -0.509203 0.174828 0.842694 0.00236519
-0.615192 -0.700466 -0.93345 -0.50077 0.19684 0.842051 0.0377439
-0.0540976 -1.60047 -1.86518 -0.509621 0.223138 0.829626 0.0469981
-0.299553 -0.460466 -0.911854 -0.512229 0.183219 0.833174 0.0993119
-0.0692095 2.71953 -1.24994 -0.501838 0.204633 0.839082 -0.047066
-0.056523 0.379534 -0.947807 -0.530122 0.231319 0.813781 0.0566997
-0.206159 2.83953 -1.11932 -0.385048 0.70088 0.501386 -0.330315
-0.742615 0.379534 -1.61582 -0.514721 0.169676 0.838208 0.0606007
0.477211 4.75953 -1.64426 -0.314988 0.668737 0.556646 -0.379091
-0.772045 -0.940466 -1.12902 -0.522372 0.173481 0.833197 0.0529705
-0.74864 1.15953 -1.7593 -0.431106 0.710119 0.480967 -0.280253
-0.0771566 -1.78047 -1.05724 -0.513773 0.217194 0.829595 0.0250859
-0.586665 -1.24047 -0.919295 -0.471613 0.54477 0.6503 -0.240638
-0.0110206 -0.220466 -1.54995 -0.50133 0.215084 0.83769 0.0259686
0.0089187 -0.700466 -1.75013 -0.270716 0.810789 0.254302 -0.452387
0.269257 -1.06047 -0.965153 -0.499649 0.139238 0.844812 0.131334
-0.353076 -0.220466 -1.3097 -0.477956 0.362882 0.792136 -0.111293
-0.0782915 -0.700466 -1.25187 -0.51162 0.273763 0.814295 0.014645
0.533649 1.21953 -1.04234 -0.299376 0.791815 0.350151 -0.400983
-0.628042 -1.06047 -1.30609 -0.518016 0.266831 0.812679 -0.00218075
-0.0992478 -0.460466 -1.54425 -0.504863 0.124713 0.854135 0.00153099
-0.381203 0.0195338 -1.5227 -0.509666 0.228466 0.825957 0.0763527
-0.60079 2.47953 -0.889481 -0.424647 0.646026 0.560576 -0.296767
-0.119017 -1.18047 -1.2394 -0.522797 0.282147 0.804167 0.0195623
-0.799619 -1.60047 -1.77036 -0.530575 0.251435 0.809466 -0.00534011
-0.470256 -0.460466 -1.99879 -0.499149 0.255987 0.827796 0.00815987
-0.28351 1.63953 -1.52179 -0.36825 0.715669 0.477466 -0.352456
0.384912 -0.340466 -1.14535 -0.51299 0.237703 0.824812 0.00399066
-0.109647 2.41953 -1.40563 -0.418387 0.494754 0.709539 -0.276976
-0.104624 -0.220466 -1.30602 -0.510029 0.201124 0.831271 0.0916362
0.0396912 -0.760466 -1.47663 -0.32916 0.705915 0.510844 -0.363823
0.16089 -1.66047 -1.21026 -0.494847 0.156753 0.850516 0.084651
-0.39616 -1.24047 -1.87126 -0.474726 0.0327012 0.866 0.153624
-0.448545 -0.340466 -1.98539 -0.510883 0.149403 0.836616 0.129384
0.133017 2.11953 -1.74782 -0.49815 0.37917 0.774763 -0.0883749
-0.344587 -1.18047 -1.00231 -0.526741 0.385945 0.753864 -0.072596
0.0852954 0.619534 -1.36629 -0.507228 0.277511 0.813396 -0.0639098
-0.0905561 0.499534 -1.46389 -0.527592 0.280503 0.801499 -0.0235299
-0.416469 -1.90047 -1.07563 -0.219523 0.832613 0.22399 -0.456492
-0.00320509 0.139534 -1.27468 -0.49665 0.179099 0.841323 0.115889
-0.759118 1.39953 -1.5889 -0.252864 0.83953 0.126978 -0.463808
-0.0274277 -1.18047 -1.38396 -0.512726 0.323732 0.79511 0.0100898
-0.468287 -1.90047 -0.986032 -0.355814 0.669539 0.550547 -0.349286
-0.924145 0.739534 -1.11584 -0.509628 0.146726 0.840775 0.10881
0.0566089 -0.760466 -1.70105 -0.275448 0.766337 0.400896 -0.419678
-0.745196 -0.580466 -1.96044 -0.527311 0.302357 0.793936 -0.0133737
-0.646158 -1.66047 -1.58636 -0.478971 0.578303 0.631782 -0.192343
-0.0388827 -1.78047 -1.34768 -0.513782 0.227171 0.823382 0.080344
-0.174197 1.57953 -1.97741 -0.506056 -0.0230504 0.857117 0.0933602
0.193542 -0.340466 -1.62434 -0.511988 0.229035 0.827206 0.033669
-0.885209 4.09953 -1.42812 -0.297562 0.754753 0.410219 -0.416556
-0.49851 -1.30047 -1.29919 -0.507715 0.285452 0.812011 0.0370332
0.280724 -1.36047 -1.72399 -0.125945 0.855634 0.168901 -0.472747
-0.498099 -1.78047 -1.35231 -0.509384 0.132648 0.842003 0.118136
-0.335095 1.93953 -1.26025 -0.504636 0.466515 0.722762 -0.0728867
-0.341464 0.739534 -0.952593 -0.499069 0.269987 0.823411 -0.00449166
-0.584905 3.25953 -1.0679 -0.427805 0.528969 0.691829 -0.241948
-0.220237 -0.100466 -1.08795 -0.525772 0.254007 0.809286 0.0639622
-0.0512737 1.87953 -1.1643 -0.424092 0.728922 0.445309 -0.300848
-0.514471 -0.940466 -1.24671 -0.499485 0.132407 0.845881 0.132136
-0.45346 -0.400466 -1.42825 -0.145765 0.868868 -0.0225014 -0.472553
0.102317 -0.940466 -1.52936 -0.528164 0.0962124 0.839834 0.0803473
0.188989 -0.700466 -1.27025 -0.509272 0.24832 0.823964 -0.00735105
-0.567771 -1.18047 -1.44753 -0.521756 0.234221 0.819111 0.0442577
0.0877099 3.07953 -1.30676 -0.0377867 0.858929 -0.0912837 -0.502465
0.232131 -1.30047 -1.38795 -0.500609 0.128449 0.844079 0.142873
-0.658592 0.139534 -1.56049 -0.242733 0.803315 0.328316 -0.433549
0.0654323 -1.06047 -0.766087 -0.514766 0.253345 0.818436 0.0313849
-0.166595 1.27953 -0.692897 -0.472369 0.537603 0.664874 -0.21397
0.0215781 -1.90047 -1.82307 -0.504955 0.273019 0.818798 -0.00640114
-0.371725 -0.940466 -0.956553 -0.513918 0.50953 0.673315 -0.151344
-0.752367 -0.820466 -1.63431 -0.513104 0.271347 0.813672 0.0320192
-0.463164 0.799534 -1.24787 -0.394536 0.682672 0.533411 -0.306212
-0.77633 -0.100466 -1.50556 -0.515 0.243812 0.819371 0.0628724
0.0640666 3.13953 -1.3603 -0.519237 0.289561 0.803897 0.0169791
-0.170764 -0.940466 -0.956619 -0.507176 0.156139 0.842336 0.0940872
-0.221991 -0.580466 -1.28823 -0.41493 0.74468 0.417024 -0.315226
0.209433 -0.100466 -1.4302 -0.507143 0.198372 0.835972 0.0678114
-0.501849 0.619534 -1.37641 -0.513448 0.387922 0.75477 -0.127273
-0.00215346 -0.340466 -1.04005 -0.511185 0.195412 0.835585 0.0479005
0.293492 4.93953 -0.851938 -0.503248 0.0845887 0.855743 0.0853398
-0.710867 -0.340466 -1.34387 -0.50637 0.206841 0.830917 0.10186
0.0249888 -1.48047 -1.33956 -0.263401 0.843355 0.135203 -0.448423
-0.790148 -1.06047 -1.4171 -0.518505 0.360065 0.775397 -0.0160298
-0.0756651 -1.06047 -1.07042 -0.510405 0.452628 0.723413 -0.106205
0.230907 -1.30047 -1.0331 -0.509448 0.157708 0.841675 0.0846426
-0.953923 -1.66047 -1.30999 -0.519459 0.367271 0.770628 -0.0374088
0.00816066 0.259534 -1.45084 -0.520631 0.317948 0.792103 -0.020385
-0.0351802 1.75953 -1.47981 -0.483848 0.130912 0.864634 -0.0339292
-0.536832 0.619534 -1.22333 -0.514107 0.165443 0.834942 0.105762
-0.723794 2.77953 -0.621104 -0.192335 0.834557 0.212625 -0.470428
-0.384369 0.739534 -1.57035 -0.487924 0.103195 0.855603 0.138619
0.12712 2.95953 -0.862182 -0.498848 0.565453 0.63393 -0.17186
-0.395206 -0.820466 -0.759763 -0.516902 0.183023 0.834133 0.0594126
-0.444721 0.559534 -1.23719 -0.401263 0.677698 0.517822 -0.334012
-0.413156 0.499534 -1.87385 -0.509077 0.260965 0.818669 0.0500976
-0.667694 -0.820466 -1.05543 -0.390505 0.747946 0.397174 -0.361003
